   Algorithm: RSME  : HFEN  : SSIM   : WM ERROR : GM ERROR : W+GM ERROR : (all relative to chi33)
    roL2rshp MM  : 346.564306 : 195.252870 : 0.774310  : 0.081    : 0.139    : 0.110113
     roL2rshpPB  : 88.903338 : 83.311331 : 0.802921  : 0.013    : 0.033    : 0.022931
   roL2rshpOrig  : 77.992175 : 75.276841 : 0.814084  : 0.013    : 0.027    : 0.020359
  ROiLSQRrshpMM  : 239.440770 : 195.753506 : 0.901241  : 0.054    : 0.078    : 0.066007
  ROiLSQRrshpPB  : 118.391747 : 102.069353 : 0.904013  : 0.017    : 0.027    : 0.022339
ROiLSQRrshpOrig  : 113.263104 : 95.660251 : 0.922207  : 0.016    : 0.025    : 0.020354
   roMEDIrshpMM  : 200.031825 : 184.037492 : 0.929739  : 0.037    : 0.039    : 0.037612
   roMEDIrshpPB  : 110.320665 : 101.319333 : 0.944541  : 0.015    : 0.024    : 0.019116
 roMEDIrshpOrig  : 104.124472 : 94.644975 : 0.922338  : 0.014    : 0.023    : 0.018179
          chi33  : 0.000000 : 0.000000 : 1.000000  : 0.000    : 0.000    : 0.000000
         cosmos  : 49.114580 : 49.506531 : 0.920781  : 0.008    : 0.017    : 0.012720
         
         
         
         kFe 0.2993    0.6242    0.6824    0.6965    0.7587    0.7850    0.9642    0.8887    0.9173    0.8956    1.0616
 own mask     0.3742    0.6284    0.6847    0.7290    0.7592    0.7855    0.9651    0.8884    0.9173    0.9059    1.0704