   uwL2rshp MM  : 242.265375 : 131.145551 : 0.753298  : 0.056    : 0.086    : 0.071224
     uwL2rshpPB  : 81.748815 : 78.071711 : 0.809374  : 0.013    : 0.030    : 0.021294
   uwL2rshpOrig  : 77.059068 : 75.180701 : 0.813658  : 0.014    : 0.028    : 0.020889
  uwiLSQRrshpMM  : 175.500825 : 126.375605 : 0.772776  : 0.035    : 0.050    : 0.042517
  uwiLSQRrshpPB  : 99.907041 : 89.637563 : 0.788003  : 0.015    : 0.026    : 0.020343
uwiLSQRrshpOrig  : 97.052604 : 85.384695 : 0.796888  : 0.015    : 0.025    : 0.019986
   uwMEDIrshpMM  : 157.466005 : 134.644618 : 0.879397  : 0.013    : 0.031    : 0.022114
   uwMEDIrshpPB  : 100.554874 : 94.761722 : 0.859874  : 0.014    : 0.021    : 0.017605
 uwMEDIrshpOrig  : 98.364081 : 91.487245 : 0.894159  : 0.014    : 0.021    : 0.017804
          chi33  : 0.000000 : 0.000000 : 1.000000  : 0.000    : 0.000    : 0.000000
         cosmos  : 49.114580 : 49.506531 : 0.920781  : 0.008    : 0.017    : 0.012720
         
            0.5227    0.6413    0.6696    0.7817    0.7488    0.7588    0.8737    0.8509    0.8824    0.8956    1.0616
  own mask    0.5578    0.6412   0.6721   0.7960   0.7473   0.7593   0.8796   0.8478  0.8824    0.9059    1.0704